gru_unique_val_acc:
01->0.427,0.318,0.300,0.545,0.500,0.400,0.509,0.673,0.464,0.436,0.545,0.591,0.491,0.445,0.718,0.473,0.509,0.655
02->0.436,0.391,0.309,0.709,0.445,0.427,0.500,0.709,0.391,0.409,0.627,0.736,0.418,0.418,0.718,0.473,0.455,0.527
03->0.355,0.355,0.309,0.700,0.364,0.473,0.509,0.618,0.427,0.436,0.718,0.518,0.436,0.445,0.655,0.473,0.436,0.464
04->0.291,0.273,0.318,0.582,0.455,0.418,0.664,0.736,0.464,0.445,0.664,0.482,0.382,0.427,0.709,0.400,0.436,0.473
05->0.336,0.318,0.336,0.318,0.500,0.455,0.682,0.509,0.464,0.500,0.745,0.518,0.482,0.600,0.536,0.436,0.427,0.582
06->0.490,0.410,0.680
07->0.560,0.400,0.610,0.580,0.620,0.590,0.560
08->0.435,0.296,0.348,0.470,0.409,0.409,0.730,0.539,0.374,0.426,0.426,0.513,0.417,0.617,0.678,0.696,0.496,0.487,0.443,0.461,0.539,0.652
09->0.432,0.534,0.551,0.441,0.398,0.415,0.458,0.356,0.398,0.364,0.356,0.407,0.347,0.432,0.432,0.415,0.322,0.331,0.492,0.449,0.449,0.314,0.415,0.475,0.398,0.492,0.475,0.356,0.339,0.297,0.602,0.678,0.576,0.729,0.636,0.559,0.636,0.517,0.407,0.661,0.644,0.381,0.432,0.627,0.483,0.347,0.534,0.381,0.415,0.466,0.508,0.407,0.407,0.669,0.424,0.542,0.602,0.559,0.458,0.390,0.449,0.466,0.432,0.390,0.424,0.441,0.432,0.500,0.517,0.729,0.695,0.703,0.542,0.669,0.737
10->0.420,0.340,0.510,0.390,0.430,0.530,0.550,0.620,0.520,0.480,0.600,0.570,0.610,0.630
11->0.420,0.360,0.650,0.390,0.460,0.760,0.510
12->0.470,0.383,0.365,0.409,0.461,0.417,0.713,0.696,0.522,0.478,0.452,0.600,0.487,0.748,0.670,0.626,0.539,0.539,0.548,0.513,0.522,0.678
13->0.504,0.452,0.443,0.287,0.391,0.496,0.670,0.504,0.504,0.470,0.348,0.478,0.470,0.496,0.513,0.730,0.504,0.504,0.504,0.461,0.504,0.626
14->0.504,0.330,0.330,0.435,0.443,0.435,0.722,0.391,0.365,0.470,0.417,0.435,0.470,0.635,0.643,0.713,0.496,0.435,0.496,0.652,0.504,0.730,0.478,0.409,0.461,0.643,0.617,0.522,0.600,0.748,0.504,0.478,0.548,0.530,0.530,0.583,0.678,0.748,0.530,0.635,0.461,0.478,0.539,0.678,0.696,0.696,0.530,0.652,0.504,0.513,0.522,0.652,0.713,0.722,0.635,0.591,0.609,0.548,0.635,0.704,0.678,0.661,0.400,0.574,0.574,0.626,0.730,0.696,0.704,0.635,0.635,0.591,0.574,0.600,0.678
&
gru_unique_val_loss:
01->0.228,0.242,0.266,0.237,0.222,0.245,0.271,0.228,0.225,0.253,0.276,0.251,0.226,0.242,0.221,0.247,0.184,0.211
02->0.213,0.258,0.252,0.222,0.223,0.263,0.255,0.235,0.239,0.231,0.213,0.249,0.188,0.207,0.182,0.244,0.153,0.168
03->0.217,0.232,0.278,0.216,0.241,0.231,0.246,0.234,0.243,0.219,0.167,0.175,0.148,0.191,0.170,0.267,0.124,0.312
04->0.200,0.252,0.252,0.202,0.219,0.287,0.207,0.226,0.209,0.236,0.226,0.162,0.074,0.198,0.148,0.233,0.128,0.179
05->0.219,0.261,0.229,0.322,0.210,0.272,0.176,0.196,0.236,0.314,0.241,0.211,0.072,0.194,0.370,0.359,0.181,0.101
06->0.260,0.233,0.262
07->0.244,0.239,0.251,0.161,0.150,0.038,0.085
08->0.247,0.182,0.202,0.240,0.205,0.265,0.066,0.272,0.192,0.190,0.122,0.254,0.214,0.304,0.195,0.118,0.288,0.033,0.013,0.241,0.152,0.245
09->0.066,0.441,0.169,0.323,0.032,0.133,0.263,0.371,0.474,0.195,0.241,0.372,0.144,0.096,0.279,0.247,0.162,0.102,0.280,0.260,0.341,0.358,0.226,0.177,0.286,0.145,0.201,0.269,0.215,0.290,0.228,0.049,0.055,0.003,0.002,0.184,0.277,0.159,0.194,0.381,0.008,0.204,0.694,0.325,0.256,0.549,0.548,0.211,0.213,0.518,0.010,0.033,0.259,0.194,0.186,0.016,0.021,0.308,0.508,0.299,0.281,0.424,0.258,0.080,0.285,0.090,0.514,0.189,0.108,0.065,0.017,0.002,0.880,0.027,0.024
10->0.253,0.223,0.313,0.266,0.255,0.285,0.142,0.180,0.152,0.150,0.160,0.111,0.080,0.076
11->0.235,0.216,0.319,0.255,0.235,0.259,0.173
12->0.233,0.127,0.168,0.271,0.185,0.210,0.030,0.244,0.223,0.169,0.206,0.326,0.194,0.221,0.190,0.052,0.189,0.089,0.043,0.209,0.029,0.193
13->0.244,0.208,0.224,0.248,0.211,0.245,0.092,0.265,0.243,0.222,0.206,0.370,0.213,0.363,0.251,0.249,0.253,0.243,0.259,0.407,0.236,0.245
14->0.250,0.149,0.199,0.244,0.213,0.277,0.049,0.296,0.204,0.259,0.158,0.405,0.208,0.320,0.202,0.159,0.159,0.035,0.047,0.161,0.160,0.089,0.054,0.140,0.031,0.023,0.224,0.036,0.051,0.312,0.177,0.110,0.161,0.026,0.347,0.153,0.133,0.205,0.025,0.056,0.140,0.002,0.003,0.137,0.016,0.075,0.012,0.029,0.002,0.002,0.179,0.005,0.111,0.029,0.001,0.020,0.000,0.312,0.187,0.001,0.185,0.092,0.367,0.275,0.043,0.001,0.002,0.002,0.000,0.010,0.000,0.000,0.000,0.001,0.070
----

best_model_val_loss(gru_model_no_8):
0.247,0.182,0.202,0.240,0.205,0.265,0.066,0.272,0.192,0.190,0.122,0.254,0.214,0.304,0.195,0.118,0.288,0.033,0.013,0.241,0.152,0.245

required_iteration_list:
470,470,470,470,470,90,180,560,1880,370,185,560,560,1880

gru_test_acc:
59.1,70.0,67.3,74.5,69.1,52.0,61.0,75.7,70.3,57.0,61.0,74.8,69.6,56.5

gru_10_fold_cross_val_acc_list:
0.4783,0.4783,0.4435,0.4696,0.5043,0.4957,0.7739,0.6870,0.7130,0.7391,0.8609,0.8609,0.9304,0.9739,0.9478,0.8783,0.8870,0.9478,0.9217,0.9391,0.9565,0.9913,0.9913,0.9913,0.9913,0.9826,0.9826,1.0000,1.0000,1.0000

gru_10_fold_cross_val_loss_list:
0.1843,0.1090,0.0634,0.1604,0.0079,0.0009,0.0202,0.1773,0.0004,0.0056,0.0000,0.0006,0.1005,0.0000,0.0002,0.0002,0.0000,0.0001,0.0110,0.0002,0.0113,0.9913,0.0001,0.0001,0.0001,0.0000,0.0001,0.0002,0.0668,0.0004

gru_10_fold_cross_val_folds_acc_list:
0.4435,0.4957,0.7130,0.8609,0.9478,0.9478,0.9565,0.9913,0.9826,1.0000

====================
====================

lstm_unique_val_acc:
01->0.445,0.409,0.327,0.500,0.464,0.445,0.309,0.500,0.427,0.455,0.500,0.500,0.436,0.445,0.500,0.500,0.455,0.436
02->0.436,0.345,0.273,0.555,0.455,0.436,0.500,0.500,0.436,0.436,0.500,0.482,0.409,0.364,0.727,0.482,0.373,0.545
03->0.445,0.318,0.309,0.491,0.400,0.418,0.500,0.491,0.391,0.400,0.655,0.618,0.436,0.382,0.764,0.491,0.427,0.618
04->0.345,0.336,0.355,0.745,0.336,0.364,0.555,0.609,0.336,0.418,0.736,0.591,0.327,0.455,0.709,0.409,0.391,0.582
05->0.291,0.382,0.473,0.500,0.382,0.355,0.618,0.445,0.482,0.318,0.682,0.445,0.391,0.436,0.600,0.400,0.391,0.400
06->0.500,0.430,0.390
07->0.450,0.420,0.440,0.440,0.560,0.530,0.550
08->0.435,0.496,0.435,0.400,0.426,0.270,0.522,0.504,0.548,0.461,0.426,0.435,0.391,0.504,0.687,0.722,0.443,0.409,0.417,0.435,0.426,0.643
09->0.475,0.475,0.466,0.517,0.449,0.466,0.466,0.466,0.458,0.398,0.373,0.373,0.449,0.347,0.347,0.381,0.356,0.339,0.322,0.373,0.441,0.356,0.297,0.407,0.432,0.364,0.347,0.356,0.339,0.314,0.305,0.500,0.534,0.661,0.686,0.678,0.695,0.720,0.559,0.661,0.720,0.712,0.551,0.458,0.458,0.432,0.432,0.373,0.347,0.449,0.356,0.415,0.339,0.449,0.432,0.373,0.458,0.458,0.441,0.466,0.508,0.449,0.432,0.466,0.466,0.458,0.466,0.432,0.610,0.703,0.754,0.720,0.619,0.729,0.771
10->0.410,0.500,0.500,0.470,0.510,0.410,0.450,0.620,0.660,0.480,0.520,0.550,0.460,0.600
11->0.430,0.400,0.500,0.480,0.510,0.500,0.430
12->0.391,0.435,0.365,0.357,0.426,0.322,0.504,0.487,0.487,0.487,0.426,0.426,0.417,0.530,0.678,0.635,0.504,0.478,0.461,0.487,0.583,0.687
13->0.478,0.470,0.496,0.452,0.417,0.365,0.504,0.530,0.617,0.478,0.478,0.461,0.470,0.504,0.565,0.574,0.452,0.470,0.470,0.470,0.513,0.504
14->0.357,0.426,0.365,0.357,0.391,0.270,0.539,0.496,0.478,0.443,0.409,0.443,0.374,0.504,0.643,0.713,0.461,0.417,0.383,0.426,0.330,0.704,0.626,0.722,0.470,0.409,0.522,0.496,0.704,0.739,0.670,0.635,0.565,0.487,0.609,0.513,0.678,0.748,0.730,0.565,0.539,0.522,0.609,0.600,0.704,0.696,0.583,0.522,0.530,0.539,0.504,0.548,0.687,0.678,0.504,0.557,0.522,0.565,0.617,0.643,0.643,0.557,0.478,0.530,0.548,0.557,0.617,0.661,0.635,0.617,0.548,0.583,0.539,0.591,0.635
&
lstm_unique_val_loss:
01->0.239,0.246,0.253,0.253,0.241,0.254,0.271,0.251,0.246,0.245,0.253,0.250,0.248,0.242,0.252,0.250,0.244,0.262
02->0.230,0.245,0.251,0.246,0.238,0.253,0.260,0.249,0.244,0.248,0.242,0.245,0.238,0.238,0.228,0.246,0.226,0.249
03->0.228,0.250,0.248,0.236,0.241,0.256,0.267,0.243,0.244,0.247,0.225,0.254,0.245,0.220,0.184,0.283,0.219,0.226
04->0.221,0.246,0.251,0.232,0.240,0.238,0.249,0.234,0.232,0.194,0.205,0.179,0.185,0.144,0.203,0.203,0.226,0.177
05->0.218,0.236,0.245,0.273,0.212,0.163,0.205,0.253,0.231,0.115,0.188,0.216,0.084,0.125,0.181,0.256,0.123,0.195
06->0.249,0.245,0.244
07->0.248,0.244,0.244,0.232,0.277,0.145,0.157
08->0.245,0.198,0.221,0.251,0.183,0.268,0.205,0.225,0.257,0.238,0.220,0.244,0.226,0.270,0.246,0.227,0.263,0.244,0.240,0.247,0.209,0.184
09->0.282,0.251,0.283,0.250,0.253,0.202,0.254,0.254,0.358,0.189,0.281,0.243,0.245,0.167,0.224,0.251,0.201,0.137,0.176,0.286,0.329,0.296,0.181,0.280,0.334,0.187,0.194,0.300,0.179,0.298,0.200,0.284,0.080,0.206,0.039,0.118,0.326,0.197,0.280,0.234,0.271,0.265,0.269,0.234,0.243,0.175,0.350,0.246,0.260,0.383,0.082,0.259,0.257,0.118,0.180,0.283,0.002,0.077,0.007,0.306,0.011,0.075,0.490,0.171,0.249,0.049,0.336,0.180,0.192,0.215,0.147,0.124,0.775,0.068,0.150
10->0.240,0.248,0.246,0.251,0.250,0.244,0.237,0.236,0.153,0.145,0.150,0.141,0.123,0.131
11->0.240,0.246,0.248,0.254,0.250,0.249,0.242
12->0.242,0.160,0.201,0.258,0.167,0.256,0.172,0.238,0.261,0.214,0.206,0.210,0.204,0.290,0.231,0.154,0.285,0.206,0.213,0.291,0.091,0.160
13->0.251,0.238,0.244,0.239,0.234,0.262,0.249,0.251,0.250,0.249,0.248,0.256,0.230,0.257,0.242,0.250,0.251,0.250,0.246,0.236,0.228,0.254
14->0.244,0.198,0.215,0.253,0.181,0.272,0.205,0.235,0.253,0.237,0.227,0.257,0.223,0.265,0.234,0.231,0.268,0.250,0.235,0.244,0.216,0.205,0.195,0.235,0.189,0.189,0.217,0.127,0.154,0.122,0.193,0.246,0.232,0.210,0.128,0.087,0.231,0.342,0.141,0.211,0.058,0.005,0.173,0.171,0.207,0.039,0.283,0.029,0.016,0.030,0.238,0.149,0.009,0.232,0.005,0.006,0.151,0.001,0.094,0.110,0.001,0.000,0.001,0.001,0.027,0.000,0.038,0.008,0.001,0.182,0.040,0.192,0.005,0.032,0.144
----

best_model_val_loss_1(lstm_model_no_9):
0.282,0.251,0.283,0.250,0.253,0.202,0.254,0.254,0.358,0.189,0.281,0.243,0.245,0.167,0.224,0.251,0.201,0.137,0.176,0.286,0.329,0.296,0.181,0.280,0.334,0.187,0.194,0.300,0.179,0.298,0.200,0.284,0.080,0.206,0.039,0.118,0.326,0.197,0.280,0.234,0.271,0.265,0.269,0.234,0.243,0.175,0.350,0.246,0.260,0.383,0.082,0.259,0.257,0.118,0.180,0.283,0.002,0.077,0.007,0.306,0.011,0.075,0.490,0.171,0.249,0.049,0.336,0.180,0.192,0.215,0.147,0.124,0.775,0.068,0.150

best_model_val_loss_2(lstm_model_no_8):
0.245,0.198,0.221,0.251,0.183,0.268,0.205,0.225,0.257,0.238,0.220,0.244,0.226,0.270,0.246,0.227,0.263,0.244,0.240,0.247,0.209,0.184

lstm_test_acc:
50.0,73.6,72.7,69.1,70.9,36.0,59.0,73.9,77.1,57.0,40.0,73.9,42.6,62.6

lstm_10_fold_cross_val_acc_list:
0.4870,0.4696,0.4870,0.4609,0.4696,0.4696,0.7130,0.7043,0.7913,0.8087,0.8435,0.8435,0.9478,0.9565,0.9565,0.9478,0.9391,0.9391,0.9826,0.9913,0.9913,0.9913,0.9913,0.9826,1.0000,1.0000,0.9913,1.0000,0.9826,0.9913

lstm_10_fold_cross_val_loss_list:
0.209,0.247,0.102,0.156,0.084,0.020,0.056,0.122,0.020,0.042,0.010,0.002,0.006,0.005,0.003,0.001,0.001,0.005,0.001,0.002,0.001,0.002,0.000,0.000,0.001,0.000,0.000,0.000,0.002,0.000

lstm_10_fold_cross_val_folds_acc_list:
0.4870,0.4696,0.7913,0.8435,0.9565,0.9391,0.9913,0.9826,0.9913,0.9913

====================
====================
